================= INFOS DATASET LIDO ========================
Qtd. clusters: 10 Qtd. Features: 64 Tam Dataset: 1797
=============================================================

 ===> Centroid do cluster 0 : 0 0.0224719 4.18539 13.0955 11.2978 2.92697 0.0337079 0 0 0.88764 12.5787 13.3708 11.4944 11.3764 0.966292 0 0 3.73034 14.2753 5.26404 2.10112 12.1685 3.52247 0 0 5.29213 12.7135 1.99438 0.140449 9.0618 6.44944 0 0 5.87079 11.5562 0.893258 0.0449438 8.77528 7.1236 0 0 3.49438 13.2865 1.65169 1.53371 11.309 5.85393 0 0 0.797753 13.0562 9.96067 10.3483 13.2528 2.41573 0 0 0.00561798 4.1573 13.5618 13.3258 5.4382 0.275281 0 

 ===> Centroid do cluster 1 : 0 0.010989 2.45604 9.20879 10.4066 6.07692 0.994505 0 0 0.0934066 4.06593 12.7637 13.9451 8.44506 1.2033 0 0.010989 1.1044 7.05494 14.8571 14.1648 7.39011 0.697802 0 0.00549451 2.12637 9.07692 14.2857 13.8626 6.25275 0.368132 0 0 1.15385 6.82967 11.8681 13.6923 5.54945 0.362637 0 0 0.434066 5.17582 10.2857 13.4121 5.87912 0.351648 0 0 0.115385 4.74725 10.9451 13.5769 7.69231 2.04945 0.642857 0 0.00549451 2.24176 9.13736 13.0275 8.57692 3.04945 1.49451 

 ===> Centroid do cluster 2 : 0 0.932203 9.66667 14.1864 9.62712 2.38418 0.107345 0 0.0112994 5.27684 13.8079 12.1073 12.5593 5.50282 0.418079 0 0.00564972 4.53672 7.84746 4.54237 11.5989 5.9322 0.468927 0 0 0.858757 1.73446 4.74011 12.096 4.43503 0.248588 0 0 0.0621469 1.22599 8.76271 10.4915 2.27119 0.0621469 0 0 0.576271 5.35593 11.8588 7.26554 2.0565 0.960452 0.0169492 0.0169492 1.41808 11.1808 14.2768 12.0282 10.6384 7.18079 0.711864 0.00564972 0.943503 10.096 13.9661 13.1186 11.7966 8.0226 1.9322 

 ===> Centroid do cluster 3 : 0 0.644809 8.38798 14.1694 14.224 7.48087 0.786885 0.00546448 0.010929 4.20765 12.6557 8.98907 11.2842 11.9945 2.10929 0.0163934 0.00546448 2.22404 3.70492 3.10929 12.0273 9.3224 0.814208 0 0 0.295082 1.45902 8.93989 14.2732 5.60656 0.0819672 0 0 0.0601093 1.04918 5.63934 12.0492 11.2787 2.19672 0 0 0.42623 1.39891 0.967213 4.40984 12.1366 6.31694 0 0 0.868852 7.11475 6.22951 8.26229 13.0164 5.92896 0.0655738 0 0.502732 9.31694 14.6503 13.9727 8.67213 1.40984 0.0655738 

 ===> Centroid do cluster 4 : 0 0 0.453039 7.05525 11.4972 2.01105 0.209945 0.127072 0 0.0607735 3.47514 13.2652 8.45304 2.04972 1.14365 0.298343 0 0.723757 10.4751 11.4033 4.88398 5.79006 3.8453 0.337017 0.00552486 4.64088 14.4862 6.35359 7.35359 10.6298 6.1326 0.0220994 0 8.58011 14.5856 9.71271 13.0166 13.9503 5.30387 0 0.0883978 6.29834 11.2652 12.4033 14.6188 10.4365 1.60773 0 0.0552486 1.0884 2.9116 7.81768 13.453 4.16022 0.0220994 0 0 0.0220994 0.552486 7.81215 11.8122 1.9558 0 0 

 ===> Centroid do cluster 5 : 0 0.967033 9.98352 13.0385 13.8956 12.1813 4.14286 0.043956 0.00549451 3.8956 14.8022 12.033 8.24176 6.23077 2.11538 0.032967 0 5.58791 14.3462 5.6978 1.92857 0.582418 0.0549451 0 0 5.36813 14.3187 12.0385 8.97253 4.15934 0.384615 0 0 1.93956 7.65385 8.42857 8.83517 7.63736 1.81319 0 0 0.252747 1.26374 3.67033 7.39011 8.17582 2.37912 0 0 0.82967 5.76923 8.18681 10.8407 7.32418 1.33516 0 0 0.956044 10.6648 14.7363 9.36264 2.53297 0.197802 0 

 ===> Centroid do cluster 6 : 0 0 1.13812 11.1657 9.58564 1.44751 0.0110497 0 0 0.0331492 7.1326 14.5193 6.20442 0.878453 0.0497238 0 0 0.740331 12.5249 9.52486 0.933702 0.104972 0.00552486 0 0 2.31492 13.6961 8.1105 3.88398 2.02762 0.138122 0 0 3.58011 14.7403 12.8785 12.0331 10.337 2.83425 0 0 1.92818 14.6851 10.7182 5.59116 10.1215 9.21547 0.232044 0 0.19337 10.3702 12.663 5.54144 11.2762 10.779 0.524862 0 0 1.43646 10.6851 15.0939 13.0442 4.48066 0.0939227 

 ===> Centroid do cluster 7 : 0 0.167598 5.10056 13.0615 14.2458 11.0279 5.18994 1 0 1.09497 10.5307 11.7095 11.1676 12.4413 5.35754 0.608939 0 0.815642 4.8324 2.31844 7.08939 11.2626 3.17877 0.117318 0 0.614525 4.34637 6.2514 12.1341 12.3352 5.06145 0 0 1.48603 9.07263 13.4413 14.7654 11.3743 4.41341 0 0 1.12291 5.44693 11.743 10.8492 3.87709 0.614525 0 0 0.100559 3.11173 12.3631 5.87151 0.184358 0 0 0 0.122905 6.39106 11.6592 2.2067 0.0111732 0 0 

 ===> Centroid do cluster 8 : 0 0.143678 5.02299 11.6034 12.4023 6.23563 0.528736 0 0.0287356 1.97701 12.2874 11.4655 9.33908 11.6379 2.51724 0 0.00574713 2.94828 11.5805 7.44253 7.92529 11.6782 2.14943 0 0 1.17816 8.55172 13.2184 13.3218 7.01724 0.511494 0 0 0.442529 6.97701 14.0287 12.9195 4.35057 0.103448 0 0 1.15517 10.6839 8.51724 9.15517 8.48276 1.28736 0 0 0.994253 10.9713 8.08621 8.38506 9.54023 2.31609 0.00574713 0 0.143678 5.00575 12.6954 13.0115 6.73563 1.2069 0.0114943 

 ===> Centroid do cluster 9 : 0 0.144444 5.68333 11.8333 11.2556 5.94444 1.57222 0.122222 0 2.43333 12.6722 9.58889 10.1278 11.3611 2.60556 0.122222 0 3.66111 12.5 5.65 8.31667 14.1111 3.21111 0.0444444 0 1.95556 10.4167 12.1889 13.2278 14.0611 3.83889 0 0 0.166667 2.94444 5.16667 5.09444 11.6444 4.83333 0 0 0.155556 0.522222 0.611111 2.45556 9.74444 5.85 0.0222222 0 0.661111 6.11667 4.96111 5.81111 10.5278 5.18889 0.111111 0 0.0888889 5.72778 12.0444 13.1444 8.89444 2.09444 0.0555556 
Spread do cluster 0 = 19.365
Spread do cluster 1 = 29.8685
Spread do cluster 2 = 26.7477
Spread do cluster 3 = 24.5782
Spread do cluster 4 = 26.4646
Spread do cluster 5 = 27.1858
Spread do cluster 6 = 22.1625
Spread do cluster 7 = 26.4123
Spread do cluster 8 = 26.8962
Spread do cluster 9 = 26.7281
DB INDEX : 2.15171

Time taken: 66.128000 milissegundos
